0.187 0.091 -0.005 -0.101 -0.198 -0.293 -0.388 -0.481 -0.573 -0.662 -0.749 -0.834 -0.916 -0.995 -1.070 -1.143 -1.212 -1.277 -1.339 -1.398 -1.452 -1.504 -1.551 -1.595 -1.636 -1.674 -1.708 -1.740 -1.768 -1.794 -1.816 -1.837 -1.854 -1.870 -1.883 -1.894 -1.902 -1.909 -1.914 -1.917 -1.918 -1.917 -1.914 -1.909 -1.902 -1.894 -1.883 -1.870 -1.854 -1.837 -1.816 -1.794 -1.768 -1.740 -1.708 -1.674 -1.636 -1.595 -1.551 -1.504 -1.452 -1.398 -1.339 -1.277 -1.212 -1.143 -1.070 -0.995 -0.916 -0.834 -0.749 -0.662 -0.573 -0.481 -0.388 -0.293 -0.198 -0.101 -0.005 0.091 0.187 0.281 0.374 0.465 0.553 0.638 0.720 0.797 0.871 0.939 1.002 1.060 1.112 1.157 1.196 1.228 1.253 1.270 1.281 1.284 1.279
0.067 -0.033 -0.133 -0.232 -0.331 -0.429 -0.526 -0.621 -0.714 -0.804 -0.892 -0.976 -1.058 -1.136 -1.210 -1.281 -1.349 -1.412 -1.472 -1.528 -1.580 -1.629 -1.674 -1.715 -1.753 -1.788 -1.820 -1.848 -1.874 -1.897 -1.917 -1.935 -1.950 -1.964 -1.975 -1.984 -1.992 -1.998 -2.002 -2.004 -2.005 -2.004 -2.002 -1.998 -1.992 -1.984 -1.975 -1.964 -1.950 -1.935 -1.917 -1.897 -1.874 -1.848 -1.820 -1.788 -1.753 -1.715 -1.674 -1.629 -1.580 -1.528 -1.472 -1.412 -1.349 -1.281 -1.210 -1.136 -1.058 -0.976 -0.892 -0.804 -0.714 -0.621 -0.526 -0.429 -0.331 -0.232 -0.133 -0.033 0.067 0.165 0.263 0.359 0.452 0.543 0.631 0.715 0.794 0.869 0.939 1.004 1.062 1.115 1.160 1.199 1.231 1.255 1.272 1.282 1.283
-0.056 -0.159 -0.262 -0.364 -0.466 -0.566 -0.664 -0.759 -0.853 -0.943 -1.031 -1.115 -1.195 -1.272 -1.345 -1.414 -1.479 -1.540 -1.597 -1.650 -1.699 -1.744 -1.786 -1.824 -1.858 -1.890 -1.918 -1.943 -1.965 -1.985 -2.003 -2.018 -2.031 -2.042 -2.051 -2.059 -2.065 -2.070 -2.073 -2.075 -2.075 -2.075 -2.073 -2.070 -2.065 -2.059 -2.051 -2.042 -2.031 -2.018 -2.003 -1.985 -1.965 -1.943 -1.918 -1.890 -1.858 -1.824 -1.786 -1.744 -1.699 -1.650 -1.597 -1.540 -1.479 -1.414 -1.345 -1.272 -1.195 -1.115 -1.031 -0.943 -0.853 -0.759 -0.664 -0.566 -0.466 -0.364 -0.262 -0.159 -0.056 0.047 0.149 0.249 0.348 0.444 0.537 0.627 0.713 0.794 0.871 0.942 1.007 1.067 1.119 1.165 1.204 1.235 1.259 1.275 1.283
-0.180 -0.286 -0.392 -0.497 -0.600 -0.701 -0.800 -0.896 -0.989 -1.079 -1.165 -1.248 -1.327 -1.402 -1.472 -1.538 -1.600 -1.658 -1.712 -1.761 -1.807 -1.848 -1.886 -1.920 -1.950 -1.978 -2.002 -2.023 -2.042 -2.058 -2.072 -2.084 -2.094 -2.103 -2.110 -2.116 -2.120 -2.123 -2.126 -2.127 -2.127 -2.127 -2.126 -2.123 -2.120 -2.116 -2.110 -2.103 -2.094 -2.084 -2.072 -2.058 -2.042 -2.023 -2.002 -1.978 -1.950 -1.920 -1.886 -1.848 -1.807 -1.761 -1.712 -1.658 -1.600 -1.538 -1.472 -1.402 -1.327 -1.248 -1.165 -1.079 -0.989 -0.896 -0.800 -0.701 -0.600 -0.497 -0.392 -0.286 -0.180 -0.074 0.032 0.136 0.240 0.341 0.440 0.535 0.627 0.715 0.797 0.875 0.947 1.013 1.073 1.126 1.171 1.209 1.240 1.262 1.277
-0.305 -0.414 -0.522 -0.628 -0.732 -0.834 -0.933 -1.029 -1.122 -1.210 -1.295 -1.376 -1.452 -1.524 -1.592 -1.655 -1.713 -1.767 -1.816 -1.862 -1.902 -1.939 -1.972 -2.002 -2.028 -2.050 -2.070 -2.087 -2.102 -2.114 -2.124 -2.133 -2.140 -2.145 -2.150 -2.153 -2.156 -2.158 -2.159 -2.160 -2.160 -2.160 -2.159 -2.158 -2.156 -2.153 -2.150 -2.145 -2.140 -2.133 -2.124 -2.114 -2.102 -2.087 -2.070 -2.050 -2.028 -2.002 -1.972 -1.939 -1.902 -1.862 -1.816 -1.767 -1.713 -1.655 -1.592 -1.524 -1.452 -1.376 -1.295 -1.210 -1.122 -1.029 -0.933 -0.834 -0.732 -0.628 -0.522 -0.414 -0.305 -0.196 -0.087 0.022 0.129 0.235 0.339 0.440 0.537 0.631 0.720 0.804 0.882 0.955 1.021 1.081 1.133 1.178 1.216 1.245 1.266
-0.431 -0.542 -0.651 -0.758 -0.863 -0.965 -1.063 -1.158 -1.249 -1.336 -1.419 -1.497 -1.570 -1.639 -1.702 -1.761 -1.815 -1.865 -1.909 -1.949 -1.985 -2.017 -2.045 -2.069 -2.090 -2.107 -2.122 -2.134 -2.144 -2.152 -2.158 -2.163 -2.166 -2.168 -2.170 -2.171 -2.172 -2.172 -2.172 -2.172 -2.172 -2.172 -2.172 -2.172 -2.172 -2.171 -2.170 -2.168 -2.166 -2.163 -2.158 -2.152 -2.144 -2.134 -2.122 -2.107 -2.090 -2.069 -2.045 -2.017 -1.985 -1.949 -1.909 -1.865 -1.815 -1.761 -1.702 -1.639 -1.570 -1.497 -1.419 -1.336 -1.249 -1.158 -1.063 -0.965 -0.863 -0.758 -0.651 -0.542 -0.431 -0.319 -0.207 -0.095 0.017 0.127 0.235 0.341 0.444 0.543 0.638 0.728 0.813 0.893 0.966 1.032 1.091 1.143 1.187 1.223 1.251
-0.556 -0.668 -0.778 -0.886 -0.990 -1.092 -1.189 -1.283 -1.372 -1.456 -1.536 -1.610 -1.680 -1.744 -1.803 -1.857 -1.906 -1.950 -1.989 -2.024 -2.054 -2.080 -2.102 -2.120 -2.135 -2.147 -2.156 -2.163 -2.167 -2.170 -2.172 -2.172 -2.172 -2.171 -2.169 -2.168 -2.166 -2.165 -2.164 -2.163 -2.163 -2.163 -2.164 -2.165 -2.166 -2.168 -2.169 -2.171 -2.172 -2.172 -2.172 -2.170 -2.167 -2.163 -2.156 -2.147 -2.135 -2.120 -2.102 -2.080 -2.054 -2.024 -1.989 -1.950 -1.906 -1.857 -1.803 -1.744 -1.680 -1.610 -1.536 -1.456 -1.372 -1.283 -1.189 -1.092 -0.990 -0.886 -0.778 -0.668 -0.556 -0.442 -0.327 -0.212 -0.097 0.017 0.129 0.240 0.348 0.452 0.553 0.649 0.740 0.826 0.905 0.978 1.044 1.103 1.154 1.196 1.231
-0.679 -0.792 -0.903 -1.011 -1.115 -1.215 -1.310 -1.402 -1.488 -1.569 -1.645 -1.715 -1.780 -1.840 -1.894 -1.942 -1.985 -2.023 -2.056 -2.084 -2.108 -2.127 -2.142 -2.154 -2.163 -2.168 -2.171 -2.172 -2.171 -2.169 -2.166 -2.161 -2.157 -2.152 -2.147 -2.142 -2.138 -2.135 -2.133 -2.131 -2.131 -2.131 -2.133 -2.135 -2.138 -2.142 -2.147 -2.152 -2.157 -2.161 -2.166 -2.169 -2.171 -2.172 -2.171 -2.168 -2.163 -2.154 -2.142 -2.127 -2.108 -2.084 -2.056 -2.023 -1.985 -1.942 -1.894 -1.840 -1.780 -1.715 -1.645 -1.569 -1.488 -1.402 -1.310 -1.215 -1.115 -1.011 -0.903 -0.792 -0.679 -0.564 -0.448 -0.330 -0.212 -0.095 0.022 0.136 0.249 0.359 0.465 0.567 0.664 0.756 0.841 0.921 0.993 1.059 1.116 1.165 1.206
-0.801 -0.914 -1.025 -1.132 -1.234 -1.332 -1.426 -1.514 -1.597 -1.674 -1.745 -1.811 -1.871 -1.924 -1.972 -2.015 -2.051 -2.082 -2.108 -2.129 -2.146 -2.158 -2.166 -2.171 -2.172 -2.171 -2.168 -2.162 -2.155 -2.147 -2.138 -2.129 -2.119 -2.110 -2.102 -2.094 -2.088 -2.082 -2.078 -2.076 -2.075 -2.076 -2.078 -2.082 -2.088 -2.094 -2.102 -2.110 -2.119 -2.129 -2.138 -2.147 -2.155 -2.162 -2.168 -2.171 -2.172 -2.171 -2.166 -2.158 -2.146 -2.129 -2.108 -2.082 -2.051 -2.015 -1.972 -1.924 -1.871 -1.811 -1.745 -1.674 -1.597 -1.514 -1.426 -1.332 -1.234 -1.132 -1.025 -0.914 -0.801 -0.685 -0.567 -0.448 -0.327 -0.207 -0.087 0.032 0.149 0.263 0.374 0.481 0.584 0.682 0.774 0.860 0.939 1.010 1.074 1.130 1.178
-0.920 -1.033 -1.143 -1.248 -1.349 -1.444 -1.535 -1.619 -1.698 -1.770 -1.837 -1.897 -1.950 -1.998 -2.039 -2.074 -2.103 -2.127 -2.145 -2.159 -2.167 -2.172 -2.172 -2.169 -2.163 -2.154 -2.144 -2.131 -2.117 -2.103 -2.088 -2.074 -2.059 -2.046 -2.033 -2.022 -2.013 -2.006 -2.000 -1.997 -1.996 -1.997 -2.000 -2.006 -2.013 -2.022 -2.033 -2.046 -2.059 -2.074 -2.088 -2.103 -2.117 -2.131 -2.144 -2.154 -2.163 -2.169 -2.172 -2.172 -2.167 -2.159 -2.145 -2.127 -2.103 -2.074 -2.039 -1.998 -1.950 -1.897 -1.837 -1.770 -1.698 -1.619 -1.535 -1.444 -1.349 -1.248 -1.143 -1.033 -0.920 -0.804 -0.685 -0.564 -0.442 -0.319 -0.196 -0.074 0.047 0.165 0.281 0.394 0.502 0.605 0.703 0.795 0.880 0.958 1.029 1.092 1.146
-1.036 -1.148 -1.256 -1.360 -1.458 -1.550 -1.636 -1.717 -1.790 -1.857 -1.918 -1.972 -2.018 -2.059 -2.093 -2.120 -2.141 -2.157 -2.167 -2.172 -2.172 -2.168 -2.160 -2.148 -2.134 -2.117 -2.099 -2.079 -2.058 -2.037 -2.016 -1.996 -1.976 -1.958 -1.941 -1.927 -1.915 -1.905 -1.898 -1.893 -1.892 -1.893 -1.898 -1.905 -1.915 -1.927 -1.941 -1.958 -1.976 -1.996 -2.016 -2.037 -2.058 -2.079 -2.099 -2.117 -2.134 -2.148 -2.160 -2.168 -2.172 -2.172 -2.167 -2.157 -2.141 -2.120 -2.093 -2.059 -2.018 -1.972 -1.918 -1.857 -1.790 -1.717 -1.636 -1.550 -1.458 -1.360 -1.256 -1.148 -1.036 -0.920 -0.801 -0.679 -0.556 -0.431 -0.305 -0.180 -0.056 0.067 0.187 0.304 0.417 0.526 0.630 0.727 0.819 0.903 0.980 1.049 1.110
-1.148 -1.259 -1.365 -1.466 -1.560 -1.649 -1.730 -1.806 -1.874 -1.935 -1.989 -2.035 -2.075 -2.107 -2.133 -2.152 -2.164 -2.171 -2.172 -2.168 -2.159 -2.146 -2.129 -2.108 -2.085 -2.060 -2.033 -2.006 -1.977 -1.949 -1.922 -1.895 -1.870 -1.847 -1.826 -1.807 -1.792 -1.780 -1.771 -1.765 -1.764 -1.765 -1.771 -1.780 -1.792 -1.807 -1.826 -1.847 -1.870 -1.895 -1.922 -1.949 -1.977 -2.006 -2.033 -2.060 -2.085 -2.108 -2.129 -2.146 -2.159 -2.168 -2.172 -2.171 -2.164 -2.152 -2.133 -2.107 -2.075 -2.035 -1.989 -1.935 -1.874 -1.806 -1.730 -1.649 -1.560 -1.466 -1.365 -1.259 -1.148 -1.033 -0.914 -0.792 -0.668 -0.542 -0.414 -0.286 -0.159 -0.033 0.091 0.213 0.331 0.445 0.554 0.657 0.755 0.845 0.928 1.004 1.071
-1.256 -1.365 -1.468 -1.565 -1.656 -1.740 -1.816 -1.886 -1.948 -2.002 -2.048 -2.087 -2.119 -2.142 -2.159 -2.169 -2.172 -2.169 -2.161 -2.147 -2.128 -2.105 -2.078 -2.049 -2.016 -1.982 -1.947 -1.911 -1.874 -1.839 -1.804 -1.771 -1.740 -1.711 -1.685 -1.663 -1.644 -1.630 -1.619 -1.612 -1.610 -1.612 -1.619 -1.630 -1.644 -1.663 -1.685 -1.711 -1.740 -1.771 -1.804 -1.839 -1.874 -1.911 -1.947 -1.982 -2.016 -2.049 -2.078 -2.105 -2.128 -2.147 -2.161 -2.169 -2.172 -2.169 -2.159 -2.142 -2.119 -2.087 -2.048 -2.002 -1.948 -1.886 -1.816 -1.740 -1.656 -1.565 -1.468 -1.365 -1.256 -1.143 -1.025 -0.903 -0.778 -0.651 -0.522 -0.392 -0.262 -0.133 -0.005 0.121 0.243 0.362 0.476 0.585 0.688 0.784 0.874 0.955 1.028
-1.360 -1.466 -1.565 -1.658 -1.744 -1.823 -1.894 -1.957 -2.011 -2.058 -2.097 -2.127 -2.150 -2.164 -2.171 -2.171 -2.165 -2.152 -2.133 -2.108 -2.079 -2.046 -2.009 -1.969 -1.927 -1.883 -1.839 -1.794 -1.749 -1.705 -1.663 -1.623 -1.586 -1.552 -1.521 -1.495 -1.472 -1.455 -1.442 -1.435 -1.432 -1.435 -1.442 -1.455 -1.472 -1.495 -1.521 -1.552 -1.586 -1.623 -1.663 -1.705 -1.749 -1.794 -1.839 -1.883 -1.927 -1.969 -2.009 -2.046 -2.079 -2.108 -2.133 -2.152 -2.165 -2.171 -2.171 -2.164 -2.150 -2.127 -2.097 -2.058 -2.011 -1.957 -1.894 -1.823 -1.744 -1.658 -1.565 -1.466 -1.360 -1.248 -1.132 -1.011 -0.886 -0.758 -0.628 -0.497 -0.364 -0.232 -0.101 0.028 0.155 0.278 0.397 0.511 0.619 0.721 0.817 0.904 0.983
-1.458 -1.560 -1.656 -1.744 -1.825 -1.898 -1.962 -2.018 -2.065 -2.103 -2.133 -2.155 -2.167 -2.172 -2.169 -2.159 -2.141 -2.117 -2.088 -2.052 -2.012 -1.968 -1.920 -1.870 -1.817 -1.764 -1.709 -1.655 -1.601 -1.549 -1.500 -1.452 -1.409 -1.369 -1.333 -1.302 -1.276 -1.256 -1.241 -1.232 -1.229 -1.232 -1.241 -1.256 -1.276 -1.302 -1.333 -1.369 -1.409 -1.452 -1.500 -1.549 -1.601 -1.655 -1.709 -1.764 -1.817 -1.870 -1.920 -1.968 -2.012 -2.052 -2.088 -2.117 -2.141 -2.159 -2.169 -2.172 -2.167 -2.155 -2.133 -2.103 -2.065 -2.018 -1.962 -1.898 -1.825 -1.744 -1.656 -1.560 -1.458 -1.349 -1.234 -1.115 -0.990 -0.863 -0.732 -0.600 -0.466 -0.331 -0.198 -0.065 0.065 0.193 0.316 0.435 0.549 0.656 0.757 0.851 0.936
-1.550 -1.649 -1.740 -1.823 -1.898 -1.964 -2.021 -2.069 -2.108 -2.137 -2.158 -2.169 -2.172 -2.166 -2.153 -2.131 -2.102 -2.067 -2.026 -1.979 -1.927 -1.871 -1.812 -1.751 -1.687 -1.623 -1.559 -1.495 -1.432 -1.371 -1.313 -1.259 -1.208 -1.162 -1.121 -1.086 -1.056 -1.033 -1.016 -1.006 -1.002 -1.006 -1.016 -1.033 -1.056 -1.086 -1.121 -1.162 -1.208 -1.259 -1.313 -1.371 -1.432 -1.495 -1.559 -1.623 -1.687 -1.751 -1.812 -1.871 -1.927 -1.979 -2.026 -2.067 -2.102 -2.131 -2.153 -2.166 -2.172 -2.169 -2.158 -2.137 -2.108 -2.069 -2.021 -1.964 -1.898 -1.823 -1.740 -1.649 -1.550 -1.444 -1.332 -1.215 -1.092 -0.965 -0.834 -0.701 -0.566 -0.429 -0.293 -0.158 -0.024 0.107 0.235 0.359 0.477 0.590 0.696 0.795 0.886
-1.636 -1.730 -1.816 -1.894 -1.962 -2.021 -2.070 -2.110 -2.140 -2.160 -2.171 -2.172 -2.164 -2.147 -2.122 -2.088 -2.048 -2.000 -1.947 -1.888 -1.824 -1.756 -1.685 -1.612 -1.538 -1.462 -1.387 -1.313 -1.241 -1.171 -1.105 -1.043 -0.985 -0.933 -0.886 -0.846 -0.812 -0.786 -0.767 -0.755 -0.752 -0.755 -0.767 -0.786 -0.812 -0.846 -0.886 -0.933 -0.985 -1.043 -1.105 -1.171 -1.241 -1.313 -1.387 -1.462 -1.538 -1.612 -1.685 -1.756 -1.824 -1.888 -1.947 -2.000 -2.048 -2.088 -2.122 -2.147 -2.164 -2.172 -2.171 -2.160 -2.140 -2.110 -2.070 -2.021 -1.962 -1.894 -1.816 -1.730 -1.636 -1.535 -1.426 -1.310 -1.189 -1.063 -0.933 -0.800 -0.664 -0.526 -0.388 -0.250 -0.113 0.022 0.153 0.281 0.404 0.522 0.633 0.738 0.834
-1.717 -1.806 -1.886 -1.957 -2.018 -2.069 -2.110 -2.141 -2.161 -2.171 -2.171 -2.161 -2.142 -2.113 -2.076 -2.030 -1.977 -1.917 -1.851 -1.780 -1.703 -1.623 -1.540 -1.455 -1.369 -1.282 -1.196 -1.112 -1.029 -0.950 -0.875 -0.805 -0.740 -0.681 -0.629 -0.584 -0.546 -0.517 -0.495 -0.482 -0.478 -0.482 -0.495 -0.517 -0.546 -0.584 -0.629 -0.681 -0.740 -0.805 -0.875 -0.950 -1.029 -1.112 -1.196 -1.282 -1.369 -1.455 -1.540 -1.623 -1.703 -1.780 -1.851 -1.917 -1.977 -2.030 -2.076 -2.113 -2.142 -2.161 -2.171 -2.171 -2.161 -2.141 -2.110 -2.069 -2.018 -1.957 -1.886 -1.806 -1.717 -1.619 -1.514 -1.402 -1.283 -1.158 -1.029 -0.896 -0.759 -0.621 -0.481 -0.341 -0.202 -0.064 0.072 0.203 0.331 0.453 0.570 0.679 0.781
-1.790 -1.874 -1.948 -2.011 -2.065 -2.108 -2.140 -2.161 -2.171 -2.171 -2.160 -2.138 -2.107 -2.066 -2.016 -1.958 -1.892 -1.819 -1.740 -1.655 -1.566 -1.472 -1.377 -1.279 -1.181 -1.082 -0.985 -0.890 -0.797 -0.709 -0.625 -0.546 -0.474 -0.408 -0.350 -0.300 -0.258 -0.225 -0.202 -0.187 -0.182 -0.187 -0.202 -0.225 -0.258 -0.300 -0.350 -0.408 -0.474 -0.546 -0.625 -0.709 -0.797 -0.890 -0.985 -1.082 -1.181 -1.279 -1.377 -1.472 -1.566 -1.655 -1.740 -1.819 -1.892 -1.958 -2.016 -2.066 -2.107 -2.138 -2.160 -2.171 -2.171 -2.161 -2.140 -2.108 -2.065 -2.011 -1.948 -1.874 -1.790 -1.698 -1.597 -1.488 -1.372 -1.249 -1.122 -0.989 -0.853 -0.714 -0.573 -0.431 -0.289 -0.148 -0.010 0.126 0.257 0.384 0.505 0.619 0.727
-1.857 -1.935 -2.002 -2.058 -2.103 -2.137 -2.160 -2.171 -2.171 -2.159 -2.136 -2.103 -2.059 -2.006 -1.943 -1.871 -1.792 -1.705 -1.612 -1.514 -1.411 -1.305 -1.196 -1.086 -0.975 -0.864 -0.755 -0.649 -0.546 -0.448 -0.354 -0.267 -0.187 -0.115 -0.050 0.005 0.051 0.087 0.113 0.129 0.134 0.129 0.113 0.087 0.051 0.005 -0.050 -0.115 -0.187 -0.267 -0.354 -0.448 -0.546 -0.649 -0.755 -0.864 -0.975 -1.086 -1.196 -1.305 -1.411 -1.514 -1.612 -1.705 -1.792 -1.871 -1.943 -2.006 -2.059 -2.103 -2.136 -2.159 -2.171 -2.171 -2.160 -2.137 -2.103 -2.058 -2.002 -1.935 -1.857 -1.770 -1.674 -1.569 -1.456 -1.336 -1.210 -1.079 -0.943 -0.804 -0.662 -0.519 -0.375 -0.232 -0.091 0.048 0.183 0.314 0.440 0.559 0.671
-1.918 -1.989 -2.048 -2.097 -2.133 -2.158 -2.171 -2.171 -2.160 -2.136 -2.102 -2.056 -1.999 -1.932 -1.856 -1.771 -1.677 -1.577 -1.470 -1.358 -1.241 -1.121 -0.999 -0.875 -0.752 -0.629 -0.508 -0.390 -0.277 -0.168 -0.065 0.030 0.118 0.198 0.268 0.329 0.379 0.419 0.447 0.465 0.470 0.465 0.447 0.419 0.379 0.329 0.268 0.198 0.118 0.030 -0.065 -0.168 -0.277 -0.390 -0.508 -0.629 -0.752 -0.875 -0.999 -1.121 -1.241 -1.358 -1.470 -1.577 -1.677 -1.771 -1.856 -1.932 -1.999 -2.056 -2.102 -2.136 -2.160 -2.171 -2.171 -2.158 -2.133 -2.097 -2.048 -1.989 -1.918 -1.837 -1.745 -1.645 -1.536 -1.419 -1.295 -1.165 -1.031 -0.892 -0.749 -0.605 -0.460 -0.315 -0.171 -0.029 0.110 0.244 0.374 0.498 0.615
-1.972 -2.035 -2.087 -2.127 -2.155 -2.169 -2.172 -2.161 -2.138 -2.103 -2.056 -1.997 -1.927 -1.847 -1.756 -1.657 -1.549 -1.435 -1.313 -1.187 -1.056 -0.922 -0.786 -0.649 -0.512 -0.377 -0.244 -0.115 0.010 0.129 0.241 0.346 0.442 0.528 0.605 0.671 0.726 0.769 0.800 0.819 0.825 0.819 0.800 0.769 0.726 0.671 0.605 0.528 0.442 0.346 0.241 0.129 0.010 -0.115 -0.244 -0.377 -0.512 -0.649 -0.786 -0.922 -1.056 -1.187 -1.313 -1.435 -1.549 -1.657 -1.756 -1.847 -1.927 -1.997 -2.056 -2.103 -2.138 -2.161 -2.172 -2.169 -2.155 -2.127 -2.087 -2.035 -1.972 -1.897 -1.811 -1.715 -1.610 -1.497 -1.376 -1.248 -1.115 -0.976 -0.834 -0.689 -0.543 -0.396 -0.250 -0.105 0.037 0.175 0.309 0.436 0.558
-2.018 -2.075 -2.119 -2.150 -2.167 -2.172 -2.164 -2.142 -2.107 -2.059 -1.999 -1.927 -1.843 -1.749 -1.644 -1.531 -1.409 -1.279 -1.143 -1.002 -0.857 -0.709 -0.559 -0.408 -0.258 -0.110 0.035 0.177 0.312 0.442 0.564 0.677 0.781 0.875 0.958 1.030 1.089 1.136 1.169 1.190 1.196 1.190 1.169 1.136 1.089 1.030 0.958 0.875 0.781 0.677 0.564 0.442 0.312 0.177 0.035 -0.110 -0.258 -0.408 -0.559 -0.709 -0.857 -1.002 -1.143 -1.279 -1.409 -1.531 -1.644 -1.749 -1.843 -1.927 -1.999 -2.059 -2.107 -2.142 -2.164 -2.172 -2.167 -2.150 -2.119 -2.075 -2.018 -1.950 -1.871 -1.780 -1.680 -1.570 -1.452 -1.327 -1.195 -1.058 -0.916 -0.771 -0.624 -0.475 -0.327 -0.180 -0.035 0.106 0.243 0.375 0.501
-2.059 -2.107 -2.142 -2.164 -2.172 -2.166 -2.147 -2.113 -2.066 -2.006 -1.932 -1.847 -1.749 -1.640 -1.521 -1.393 -1.256 -1.112 -0.961 -0.805 -0.645 -0.482 -0.318 -0.154 0.010 0.171 0.329 0.482 0.629 0.769 0.901 1.023 1.136 1.237 1.327 1.404 1.468 1.518 1.554 1.576 1.583 1.576 1.554 1.518 1.468 1.404 1.327 1.237 1.136 1.023 0.901 0.769 0.629 0.482 0.329 0.171 0.010 -0.154 -0.318 -0.482 -0.645 -0.805 -0.961 -1.112 -1.256 -1.393 -1.521 -1.640 -1.749 -1.847 -1.932 -2.006 -2.066 -2.113 -2.147 -2.166 -2.172 -2.164 -2.142 -2.107 -2.059 -1.998 -1.924 -1.840 -1.744 -1.639 -1.524 -1.402 -1.272 -1.136 -0.995 -0.850 -0.702 -0.553 -0.403 -0.254 -0.107 0.038 0.179 0.314 0.444
-2.093 -2.133 -2.159 -2.171 -2.169 -2.153 -2.122 -2.076 -2.016 -1.943 -1.856 -1.756 -1.644 -1.521 -1.387 -1.244 -1.092 -0.933 -0.767 -0.596 -0.421 -0.244 -0.065 0.113 0.290 0.465 0.635 0.800 0.958 1.109 1.251 1.383 1.503 1.612 1.708 1.791 1.859 1.913 1.952 1.975 1.983 1.975 1.952 1.913 1.859 1.791 1.708 1.612 1.503 1.383 1.251 1.109 0.958 0.800 0.635 0.465 0.290 0.113 -0.065 -0.244 -0.421 -0.596 -0.767 -0.933 -1.092 -1.244 -1.387 -1.521 -1.644 -1.756 -1.856 -1.943 -2.016 -2.076 -2.122 -2.153 -2.169 -2.171 -2.159 -2.133 -2.093 -2.039 -1.972 -1.894 -1.803 -1.702 -1.592 -1.472 -1.345 -1.210 -1.070 -0.926 -0.778 -0.628 -0.477 -0.326 -0.176 -0.029 0.115 0.254 0.387
-2.120 -2.152 -2.169 -2.171 -2.159 -2.131 -2.088 -2.030 -1.958 -1.871 -1.771 -1.657 -1.531 -1.393 -1.244 -1.086 -0.919 -0.744 -0.563 -0.377 -0.187 0.005 0.198 0.391 0.581 0.769 0.952 1.129 1.299 1.460 1.612 1.753 1.882 1.998 2.101 2.189 2.262 2.319 2.361 2.386 2.394 2.386 2.361 2.319 2.262 2.189 2.101 1.998 1.882 1.753 1.612 1.460 1.299 1.129 0.952 0.769 0.581 0.391 0.198 0.005 -0.187 -0.377 -0.563 -0.744 -0.919 -1.086 -1.244 -1.393 -1.531 -1.657 -1.771 -1.871 -1.958 -2.030 -2.088 -2.131 -2.159 -2.171 -2.169 -2.152 -2.120 -2.074 -2.015 -1.942 -1.857 -1.761 -1.655 -1.538 -1.414 -1.281 -1.143 -0.999 -0.851 -0.701 -0.549 -0.396 -0.244 -0.095 0.052 0.194 0.331
-2.141 -2.164 -2.172 -2.165 -2.141 -2.102 -2.048 -1.977 -1.892 -1.792 -1.677 -1.549 -1.409 -1.256 -1.092 -0.919 -0.736 -0.546 -0.350 -0.149 0.056 0.263 0.470 0.677 0.882 1.083 1.278 1.468 1.649 1.821 1.983 2.133 2.270 2.394 2.503 2.597 2.674 2.735 2.779 2.806 2.814 2.806 2.779 2.735 2.674 2.597 2.503 2.394 2.270 2.133 1.983 1.821 1.649 1.468 1.278 1.083 0.882 0.677 0.470 0.263 0.056 -0.149 -0.350 -0.546 -0.736 -0.919 -1.092 -1.256 -1.409 -1.549 -1.677 -1.792 -1.892 -1.977 -2.048 -2.102 -2.141 -2.165 -2.172 -2.164 -2.141 -2.103 -2.051 -1.985 -1.906 -1.815 -1.713 -1.600 -1.479 -1.349 -1.212 -1.069 -0.922 -0.771 -0.618 -0.464 -0.311 -0.159 -0.010 0.135 0.276
-2.157 -2.171 -2.169 -2.152 -2.117 -2.067 -2.000 -1.917 -1.819 -1.705 -1.577 -1.435 -1.279 -1.112 -0.933 -0.744 -0.546 -0.341 -0.129 0.087 0.307 0.528 0.750 0.971 1.190 1.404 1.612 1.813 2.006 2.189 2.361 2.520 2.666 2.797 2.912 3.012 3.094 3.158 3.205 3.233 3.242 3.233 3.205 3.158 3.094 3.012 2.912 2.797 2.666 2.520 2.361 2.189 2.006 1.813 1.612 1.404 1.190 0.971 0.750 0.528 0.307 0.087 -0.129 -0.341 -0.546 -0.744 -0.933 -1.112 -1.279 -1.435 -1.577 -1.705 -1.819 -1.917 -2.000 -2.067 -2.117 -2.152 -2.169 -2.171 -2.157 -2.127 -2.082 -2.023 -1.950 -1.865 -1.767 -1.658 -1.540 -1.412 -1.277 -1.136 -0.989 -0.838 -0.685 -0.530 -0.375 -0.222 -0.070 0.078 0.221
-2.167 -2.172 -2.161 -2.133 -2.088 -2.026 -1.947 -1.851 -1.740 -1.612 -1.470 -1.313 -1.143 -0.961 -0.767 -0.563 -0.350 -0.129 0.097 0.329 0.564 0.800 1.036 1.271 1.503 1.731 1.952 2.165 2.369 2.562 2.744 2.912 3.066 3.205 3.327 3.432 3.518 3.587 3.636 3.665 3.675 3.665 3.636 3.587 3.518 3.432 3.327 3.205 3.066 2.912 2.744 2.562 2.369 2.165 1.952 1.731 1.503 1.271 1.036 0.800 0.564 0.329 0.097 -0.129 -0.350 -0.563 -0.767 -0.961 -1.143 -1.313 -1.470 -1.612 -1.740 -1.851 -1.947 -2.026 -2.088 -2.133 -2.161 -2.172 -2.167 -2.145 -2.108 -2.056 -1.989 -1.909 -1.816 -1.712 -1.597 -1.472 -1.339 -1.199 -1.053 -0.903 -0.749 -0.594 -0.438 -0.282 -0.129 0.022 0.168
-2.172 -2.168 -2.147 -2.108 -2.052 -1.979 -1.888 -1.780 -1.655 -1.514 -1.358 -1.187 -1.002 -0.805 -0.596 -0.377 -0.149 0.087 0.329 0.575 0.825 1.076 1.327 1.576 1.821 2.061 2.295 2.520 2.735 2.939 3.131 3.308 3.470 3.616 3.744 3.855 3.946 4.018 4.069 4.100 4.111 4.100 4.069 4.018 3.946 3.855 3.744 3.616 3.470 3.308 3.131 2.939 2.735 2.520 2.295 2.061 1.821 1.576 1.327 1.076 0.825 0.575 0.329 0.087 -0.149 -0.377 -0.596 -0.805 -1.002 -1.187 -1.358 -1.514 -1.655 -1.780 -1.888 -1.979 -2.052 -2.108 -2.147 -2.168 -2.172 -2.159 -2.129 -2.084 -2.024 -1.949 -1.862 -1.761 -1.650 -1.528 -1.398 -1.259 -1.115 -0.965 -0.811 -0.655 -0.498 -0.341 -0.186 -0.033 0.116
-2.172 -2.159 -2.128 -2.079 -2.012 -1.927 -1.824 -1.703 -1.566 -1.411 -1.241 -1.056 -0.857 -0.645 -0.421 -0.187 0.056 0.307 0.564 0.825 1.089 1.355 1.619 1.882 2.141 2.394 2.640 2.877 3.103 3.317 3.518 3.705 3.875 4.028 4.163 4.278 4.374 4.449 4.503 4.536 4.546 4.536 4.503 4.449 4.374 4.278 4.163 4.028 3.875 3.705 3.518 3.317 3.103 2.877 2.640 2.394 2.141 1.882 1.619 1.355 1.089 0.825 0.564 0.307 0.056 -0.187 -0.421 -0.645 -0.857 -1.056 -1.241 -1.411 -1.566 -1.703 -1.824 -1.927 -2.012 -2.079 -2.128 -2.159 -2.172 -2.167 -2.146 -2.108 -2.054 -1.985 -1.902 -1.807 -1.699 -1.580 -1.452 -1.316 -1.172 -1.023 -0.870 -0.714 -0.556 -0.398 -0.240 -0.086 0.065
-2.168 -2.146 -2.105 -2.046 -1.968 -1.871 -1.756 -1.623 -1.472 -1.305 -1.121 -0.922 -0.709 -0.482 -0.244 0.005 0.263 0.528 0.800 1.076 1.355 1.634 1.913 2.189 2.461 2.727 2.984 3.233 3.470 3.695 3.905 4.100 4.278 4.438 4.579 4.700 4.800 4.879 4.935 4.969 4.981 4.969 4.935 4.879 4.800 4.700 4.579 4.438 4.278 4.100 3.905 3.695 3.470 3.233 2.984 2.727 2.461 2.189 1.913 1.634 1.355 1.076 0.800 0.528 0.263 0.005 -0.244 -0.482 -0.709 -0.922 -1.121 -1.305 -1.472 -1.623 -1.756 -1.871 -1.968 -2.046 -2.105 -2.146 -2.168 -2.172 -2.158 -2.127 -2.080 -2.017 -1.939 -1.848 -1.744 -1.629 -1.504 -1.369 -1.227 -1.079 -0.926 -0.769 -0.611 -0.452 -0.293 -0.137 0.017
-2.160 -2.129 -2.078 -2.009 -1.920 -1.812 -1.685 -1.540 -1.377 -1.196 -0.999 -0.786 -0.559 -0.318 -0.065 0.198 0.470 0.750 1.036 1.327 1.619 1.913 2.205 2.495 2.779 3.057 3.327 3.587 3.834 4.069 4.289 4.492 4.678 4.845 4.992 5.118 5.222 5.304 5.363 5.398 5.410 5.398 5.363 5.304 5.222 5.118 4.992 4.845 4.678 4.492 4.289 4.069 3.834 3.587 3.327 3.057 2.779 2.495 2.205 1.913 1.619 1.327 1.036 0.750 0.470 0.198 -0.065 -0.318 -0.559 -0.786 -0.999 -1.196 -1.377 -1.540 -1.685 -1.812 -1.920 -2.009 -2.078 -2.129 -2.160 -2.172 -2.166 -2.142 -2.102 -2.045 -1.972 -1.886 -1.786 -1.674 -1.551 -1.419 -1.279 -1.132 -0.979 -0.823 -0.664 -0.504 -0.344 -0.186 -0.030
-2.148 -2.108 -2.049 -1.969 -1.870 -1.751 -1.612 -1.455 -1.279 -1.086 -0.875 -0.649 -0.408 -0.154 0.113 0.391 0.677 0.971 1.271 1.576 1.882 2.189 2.495 2.797 3.094 3.384 3.665 3.936 4.194 4.438 4.667 4.879 5.072 5.246 5.398 5.529 5.638 5.723 5.784 5.821 5.833 5.821 5.784 5.723 5.638 5.529 5.398 5.246 5.072 4.879 4.667 4.438 4.194 3.936 3.665 3.384 3.094 2.797 2.495 2.189 1.882 1.576 1.271 0.971 0.677 0.391 0.113 -0.154 -0.408 -0.649 -0.875 -1.086 -1.279 -1.455 -1.612 -1.751 -1.870 -1.969 -2.049 -2.108 -2.148 -2.169 -2.171 -2.154 -2.120 -2.069 -2.002 -1.920 -1.824 -1.715 -1.595 -1.466 -1.327 -1.181 -1.029 -0.873 -0.714 -0.553 -0.392 -0.232 -0.075
-2.134 -2.085 -2.016 -1.927 -1.817 -1.687 -1.538 -1.369 -1.181 -0.975 -0.752 -0.512 -0.258 0.010 0.290 0.581 0.882 1.190 1.503 1.821 2.141 2.461 2.779 3.094 3.403 3.705 3.997 4.278 4.546 4.800 5.038 5.257 5.458 5.638 5.796 5.932 6.045 6.133 6.196 6.235 6.247 6.235 6.196 6.133 6.045 5.932 5.796 5.638 5.458 5.257 5.038 4.800 4.546 4.278 3.997 3.705 3.403 3.094 2.779 2.461 2.141 1.821 1.503 1.190 0.882 0.581 0.290 0.010 -0.258 -0.512 -0.752 -0.975 -1.181 -1.369 -1.538 -1.687 -1.817 -1.927 -2.016 -2.085 -2.134 -2.163 -2.172 -2.163 -2.135 -2.090 -2.028 -1.950 -1.858 -1.753 -1.636 -1.509 -1.372 -1.227 -1.076 -0.920 -0.761 -0.600 -0.438 -0.277 -0.118
-2.117 -2.060 -1.982 -1.883 -1.764 -1.623 -1.462 -1.282 -1.082 -0.864 -0.629 -0.377 -0.110 0.171 0.465 0.769 1.083 1.404 1.731 2.061 2.394 2.727 3.057 3.384 3.705 4.018 4.321 4.612 4.890 5.153 5.398 5.626 5.833 6.020 6.184 6.324 6.440 6.532 6.597 6.637 6.650 6.637 6.597 6.532 6.440 6.324 6.184 6.020 5.833 5.626 5.398 5.153 4.890 4.612 4.321 4.018 3.705 3.384 3.057 2.727 2.394 2.061 1.731 1.404 1.083 0.769 0.465 0.171 -0.110 -0.377 -0.629 -0.864 -1.082 -1.282 -1.462 -1.623 -1.764 -1.883 -1.982 -2.060 -2.117 -2.154 -2.171 -2.168 -2.147 -2.107 -2.050 -1.978 -1.890 -1.788 -1.674 -1.549 -1.414 -1.270 -1.120 -0.965 -0.805 -0.644 -0.481 -0.319 -0.159
-2.099 -2.033 -1.947 -1.839 -1.709 -1.559 -1.387 -1.196 -0.985 -0.755 -0.508 -0.244 0.035 0.329 0.635 0.952 1.278 1.612 1.952 2.295 2.640 2.984 3.327 3.665 3.997 4.321 4.634 4.935 5.222 5.494 5.747 5.982 6.196 6.389 6.558 6.703 6.823 6.917 6.985 7.025 7.039 7.025 6.985 6.917 6.823 6.703 6.558 6.389 6.196 5.982 5.747 5.494 5.222 4.935 4.634 4.321 3.997 3.665 3.327 2.984 2.640 2.295 1.952 1.612 1.278 0.952 0.635 0.329 0.035 -0.244 -0.508 -0.755 -0.985 -1.196 -1.387 -1.559 -1.709 -1.839 -1.947 -2.033 -2.099 -2.144 -2.168 -2.171 -2.156 -2.122 -2.070 -2.002 -1.918 -1.820 -1.708 -1.585 -1.452 -1.310 -1.161 -1.006 -0.847 -0.685 -0.522 -0.359 -0.198
-2.079 -2.006 -1.911 -1.794 -1.655 -1.495 -1.313 -1.112 -0.890 -0.649 -0.390 -0.115 0.177 0.482 0.800 1.129 1.468 1.813 2.165 2.520 2.877 3.233 3.587 3.936 4.278 4.612 4.935 5.246 5.541 5.821 6.082 6.324 6.545 6.743 6.917 7.066 7.190 7.286 7.356 7.398 7.412 7.398 7.356 7.286 7.190 7.066 6.917 6.743 6.545 6.324 6.082 5.821 5.541 5.246 4.935 4.612 4.278 3.936 3.587 3.233 2.877 2.520 2.165 1.813 1.468 1.129 0.800 0.482 0.177 -0.115 -0.390 -0.649 -0.890 -1.112 -1.313 -1.495 -1.655 -1.794 -1.911 -2.006 -2.079 -2.131 -2.162 -2.172 -2.163 -2.134 -2.087 -2.023 -1.943 -1.848 -1.740 -1.619 -1.488 -1.347 -1.199 -1.045 -0.886 -0.724 -0.560 -0.396 -0.234
-2.058 -1.977 -1.874 -1.749 -1.601 -1.432 -1.241 -1.029 -0.797 -0.546 -0.277 0.010 0.312 0.629 0.958 1.299 1.649 2.006 2.369 2.735 3.103 3.470 3.834 4.194 4.546 4.890 5.222 5.541 5.846 6.133 6.402 6.650 6.877 7.080 7.259 7.412 7.539 7.638 7.710 7.753 7.767 7.753 7.710 7.638 7.539 7.412 7.259 7.080 6.877 6.650 6.402 6.133 5.846 5.541 5.222 4.890 4.546 4.194 3.834 3.470 3.103 2.735 2.369 2.006 1.649 1.299 0.958 0.629 0.312 0.010 -0.277 -0.546 -0.797 -1.029 -1.241 -1.432 -1.601 -1.749 -1.874 -1.977 -2.058 -2.117 -2.155 -2.171 -2.167 -2.144 -2.102 -2.042 -1.965 -1.874 -1.768 -1.650 -1.520 -1.381 -1.234 -1.080 -0.922 -0.759 -0.595 -0.431 -0.267
-2.037 -1.949 -1.839 -1.705 -1.549 -1.371 -1.171 -0.950 -0.709 -0.448 -0.168 0.129 0.442 0.769 1.109 1.460 1.821 2.189 2.562 2.939 3.317 3.695 4.069 4.438 4.800 5.153 5.494 5.821 6.133 6.428 6.703 6.957 7.190 7.398 7.581 7.738 7.868 7.970 8.043 8.087 8.102 8.087 8.043 7.970 7.868 7.738 7.581 7.398 7.190 6.957 6.703 6.428 6.133 5.821 5.494 5.153 4.800 4.438 4.069 3.695 3.317 2.939 2.562 2.189 1.821 1.460 1.109 0.769 0.442 0.129 -0.168 -0.448 -0.709 -0.950 -1.171 -1.371 -1.549 -1.705 -1.839 -1.949 -2.037 -2.103 -2.147 -2.169 -2.170 -2.152 -2.114 -2.058 -1.985 -1.897 -1.794 -1.678 -1.550 -1.412 -1.266 -1.113 -0.955 -0.792 -0.628 -0.463 -0.299
-2.016 -1.922 -1.804 -1.663 -1.500 -1.313 -1.105 -0.875 -0.625 -0.354 -0.065 0.241 0.564 0.901 1.251 1.612 1.983 2.361 2.744 3.131 3.518 3.905 4.289 4.667 5.038 5.398 5.747 6.082 6.402 6.703 6.985 7.245 7.482 7.695 7.883 8.043 8.176 8.280 8.355 8.400 8.415 8.400 8.355 8.280 8.176 8.043 7.883 7.695 7.482 7.245 6.985 6.703 6.402 6.082 5.747 5.398 5.038 4.667 4.289 3.905 3.518 3.131 2.744 2.361 1.983 1.612 1.251 0.901 0.564 0.241 -0.065 -0.354 -0.625 -0.875 -1.105 -1.313 -1.500 -1.663 -1.804 -1.922 -2.016 -2.088 -2.138 -2.166 -2.172 -2.158 -2.124 -2.072 -2.003 -1.917 -1.816 -1.702 -1.577 -1.440 -1.295 -1.143 -0.985 -0.823 -0.658 -0.492 -0.327
-1.996 -1.895 -1.771 -1.623 -1.452 -1.259 -1.043 -0.805 -0.546 -0.267 0.030 0.346 0.677 1.023 1.383 1.753 2.133 2.520 2.912 3.308 3.705 4.100 4.492 4.879 5.257 5.626 5.982 6.324 6.650 6.957 7.245 7.510 7.753 7.970 8.161 8.325 8.460 8.566 8.642 8.688 8.704 8.688 8.642 8.566 8.460 8.325 8.161 7.970 7.753 7.510 7.245 6.957 6.650 6.324 5.982 5.626 5.257 4.879 4.492 4.100 3.705 3.308 2.912 2.520 2.133 1.753 1.383 1.023 0.677 0.346 0.030 -0.267 -0.546 -0.805 -1.043 -1.259 -1.452 -1.623 -1.771 -1.895 -1.996 -2.074 -2.129 -2.161 -2.172 -2.163 -2.133 -2.084 -2.018 -1.935 -1.837 -1.725 -1.600 -1.466 -1.321 -1.170 -1.012 -0.850 -0.685 -0.519 -0.353
-1.976 -1.870 -1.740 -1.586 -1.409 -1.208 -0.985 -0.740 -0.474 -0.187 0.118 0.442 0.781 1.136 1.503 1.882 2.270 2.666 3.066 3.470 3.875 4.278 4.678 5.072 5.458 5.833 6.196 6.545 6.877 7.190 7.482 7.753 7.999 8.220 8.415 8.581 8.719 8.827 8.905 8.951 8.967 8.951 8.905 8.827 8.719 8.581 8.415 8.220 7.999 7.753 7.482 7.190 6.877 6.545 6.196 5.833 5.458 5.072 4.678 4.278 3.875 3.470 3.066 2.666 2.270 1.882 1.503 1.136 0.781 0.442 0.118 -0.187 -0.474 -0.740 -0.985 -1.208 -1.409 -1.586 -1.740 -1.870 -1.976 -2.059 -2.119 -2.157 -2.172 -2.166 -2.140 -2.094 -2.031 -1.950 -1.854 -1.744 -1.622 -1.488 -1.345 -1.194 -1.036 -0.874 -0.709 -0.543 -0.377
-1.958 -1.847 -1.711 -1.552 -1.369 -1.162 -0.933 -0.681 -0.408 -0.115 0.198 0.528 0.875 1.237 1.612 1.998 2.394 2.797 3.205 3.616 4.028 4.438 4.845 5.246 5.638 6.020 6.389 6.743 7.080 7.398 7.695 7.970 8.220 8.445 8.642 8.812 8.951 9.061 9.140 9.187 9.203 9.187 9.140 9.061 8.951 8.812 8.642 8.445 8.220 7.970 7.695 7.398 7.080 6.743 6.389 6.020 5.638 5.246 4.845 4.438 4.028 3.616 3.205 2.797 2.394 1.998 1.612 1.237 0.875 0.528 0.198 -0.115 -0.408 -0.681 -0.933 -1.162 -1.369 -1.552 -1.711 -1.847 -1.958 -2.046 -2.110 -2.152 -2.171 -2.168 -2.145 -2.103 -2.042 -1.964 -1.870 -1.761 -1.640 -1.507 -1.365 -1.215 -1.058 -0.896 -0.731 -0.564 -0.398
-1.941 -1.826 -1.685 -1.521 -1.333 -1.121 -0.886 -0.629 -0.350 -0.050 0.268 0.605 0.958 1.327 1.708 2.101 2.503 2.912 3.327 3.744 4.163 4.579 4.992 5.398 5.796 6.184 6.558 6.917 7.259 7.581 7.883 8.161 8.415 8.642 8.842 9.014 9.156 9.267 9.347 9.395 9.411 9.395 9.347 9.267 9.156 9.014 8.842 8.642 8.415 8.161 7.883 7.581 7.259 6.917 6.558 6.184 5.796 5.398 4.992 4.579 4.163 3.744 3.327 2.912 2.503 2.101 1.708 1.327 0.958 0.605 0.268 -0.050 -0.350 -0.629 -0.886 -1.121 -1.333 -1.521 -1.685 -1.826 -1.941 -2.033 -2.102 -2.147 -2.169 -2.170 -2.150 -2.110 -2.051 -1.975 -1.883 -1.776 -1.656 -1.524 -1.383 -1.233 -1.076 -0.914 -0.749 -0.583 -0.416
-1.927 -1.807 -1.663 -1.495 -1.302 -1.086 -0.846 -0.584 -0.300 0.005 0.329 0.671 1.030 1.404 1.791 2.189 2.597 3.012 3.432 3.855 4.278 4.700 5.118 5.529 5.932 6.324 6.703 7.066 7.412 7.738 8.043 8.325 8.581 8.812 9.014 9.187 9.331 9.443 9.524 9.572 9.589 9.572 9.524 9.443 9.331 9.187 9.014 8.812 8.581 8.325 8.043 7.738 7.412 7.066 6.703 6.324 5.932 5.529 5.118 4.700 4.278 3.855 3.432 3.012 2.597 2.189 1.791 1.404 1.030 0.671 0.329 0.005 -0.300 -0.584 -0.846 -1.086 -1.302 -1.495 -1.663 -1.807 -1.927 -2.022 -2.094 -2.142 -2.168 -2.171 -2.153 -2.116 -2.059 -1.984 -1.894 -1.788 -1.669 -1.538 -1.398 -1.248 -1.092 -0.930 -0.765 -0.598 -0.431
-1.915 -1.792 -1.644 -1.472 -1.276 -1.056 -0.812 -0.546 -0.258 0.051 0.379 0.726 1.089 1.468 1.859 2.262 2.674 3.094 3.518 3.946 4.374 4.800 5.222 5.638 6.045 6.440 6.823 7.190 7.539 7.868 8.176 8.460 8.719 8.951 9.156 9.331 9.475 9.589 9.670 9.719 9.735 9.719 9.670 9.589 9.475 9.331 9.156 8.951 8.719 8.460 8.176 7.868 7.539 7.190 6.823 6.440 6.045 5.638 5.222 4.800 4.374 3.946 3.518 3.094 2.674 2.262 1.859 1.468 1.089 0.726 0.379 0.051 -0.258 -0.546 -0.812 -1.056 -1.276 -1.472 -1.644 -1.792 -1.915 -2.013 -2.088 -2.138 -2.166 -2.172 -2.156 -2.120 -2.065 -1.992 -1.902 -1.798 -1.680 -1.550 -1.410 -1.261 -1.105 -0.943 -0.778 -0.611 -0.443
-1.905 -1.780 -1.630 -1.455 -1.256 -1.033 -0.786 -0.517 -0.225 0.087 0.419 0.769 1.136 1.518 1.913 2.319 2.735 3.158 3.587 4.018 4.449 4.879 5.304 5.723 6.133 6.532 6.917 7.286 7.638 7.970 8.280 8.566 8.827 9.061 9.267 9.443 9.589 9.703 9.785 9.834 9.851 9.834 9.785 9.703 9.589 9.443 9.267 9.061 8.827 8.566 8.280 7.970 7.638 7.286 6.917 6.532 6.133 5.723 5.304 4.879 4.449 4.018 3.587 3.158 2.735 2.319 1.913 1.518 1.136 0.769 0.419 0.087 -0.225 -0.517 -0.786 -1.033 -1.256 -1.455 -1.630 -1.780 -1.905 -2.006 -2.082 -2.135 -2.165 -2.172 -2.158 -2.123 -2.070 -1.998 -1.909 -1.806 -1.688 -1.559 -1.419 -1.270 -1.115 -0.953 -0.788 -0.621 -0.453
-1.898 -1.771 -1.619 -1.442 -1.241 -1.016 -0.767 -0.495 -0.202 0.113 0.447 0.800 1.169 1.554 1.952 2.361 2.779 3.205 3.636 4.069 4.503 4.935 5.363 5.784 6.196 6.597 6.985 7.356 7.710 8.043 8.355 8.642 8.905 9.140 9.347 9.524 9.670 9.785 9.867 9.917 9.933 9.917 9.867 9.785 9.670 9.524 9.347 9.140 8.905 8.642 8.355 8.043 7.710 7.356 6.985 6.597 6.196 5.784 5.363 4.935 4.503 4.069 3.636 3.205 2.779 2.361 1.952 1.554 1.169 0.800 0.447 0.113 -0.202 -0.495 -0.767 -1.016 -1.241 -1.442 -1.619 -1.771 -1.898 -2.000 -2.078 -2.133 -2.164 -2.172 -2.159 -2.126 -2.073 -2.002 -1.914 -1.811 -1.694 -1.565 -1.426 -1.277 -1.122 -0.960 -0.795 -0.628 -0.460
-1.893 -1.765 -1.612 -1.435 -1.232 -1.006 -0.755 -0.482 -0.187 0.129 0.465 0.819 1.190 1.576 1.975 2.386 2.806 3.233 3.665 4.100 4.536 4.969 5.398 5.821 6.235 6.637 7.025 7.398 7.753 8.087 8.400 8.688 8.951 9.187 9.395 9.572 9.719 9.834 9.917 9.967 9.983 9.967 9.917 9.834 9.719 9.572 9.395 9.187 8.951 8.688 8.400 8.087 7.753 7.398 7.025 6.637 6.235 5.821 5.398 4.969 4.536 4.100 3.665 3.233 2.806 2.386 1.975 1.576 1.190 0.819 0.465 0.129 -0.187 -0.482 -0.755 -1.006 -1.232 -1.435 -1.612 -1.765 -1.893 -1.997 -2.076 -2.131 -2.163 -2.172 -2.160 -2.127 -2.075 -2.004 -1.917 -1.814 -1.698 -1.569 -1.430 -1.281 -1.126 -0.965 -0.800 -0.632 -0.464
-1.892 -1.764 -1.610 -1.432 -1.229 -1.002 -0.752 -0.478 -0.182 0.134 0.470 0.825 1.196 1.583 1.983 2.394 2.814 3.242 3.675 4.111 4.546 4.981 5.410 5.833 6.247 6.650 7.039 7.412 7.767 8.102 8.415 8.704 8.967 9.203 9.411 9.589 9.735 9.851 9.933 9.983 10.000 9.983 9.933 9.851 9.735 9.589 9.411 9.203 8.967 8.704 8.415 8.102 7.767 7.412 7.039 6.650 6.247 5.833 5.410 4.981 4.546 4.111 3.675 3.242 2.814 2.394 1.983 1.583 1.196 0.825 0.470 0.134 -0.182 -0.478 -0.752 -1.002 -1.229 -1.432 -1.610 -1.764 -1.892 -1.996 -2.075 -2.131 -2.163 -2.172 -2.160 -2.127 -2.075 -2.005 -1.918 -1.815 -1.699 -1.570 -1.431 -1.283 -1.127 -0.966 -0.801 -0.634 -0.466
-1.893 -1.765 -1.612 -1.435 -1.232 -1.006 -0.755 -0.482 -0.187 0.129 0.465 0.819 1.190 1.576 1.975 2.386 2.806 3.233 3.665 4.100 4.536 4.969 5.398 5.821 6.235 6.637 7.025 7.398 7.753 8.087 8.400 8.688 8.951 9.187 9.395 9.572 9.719 9.834 9.917 9.967 9.983 9.967 9.917 9.834 9.719 9.572 9.395 9.187 8.951 8.688 8.400 8.087 7.753 7.398 7.025 6.637 6.235 5.821 5.398 4.969 4.536 4.100 3.665 3.233 2.806 2.386 1.975 1.576 1.190 0.819 0.465 0.129 -0.187 -0.482 -0.755 -1.006 -1.232 -1.435 -1.612 -1.765 -1.893 -1.997 -2.076 -2.131 -2.163 -2.172 -2.160 -2.127 -2.075 -2.004 -1.917 -1.814 -1.698 -1.569 -1.430 -1.281 -1.126 -0.965 -0.800 -0.632 -0.464
-1.898 -1.771 -1.619 -1.442 -1.241 -1.016 -0.767 -0.495 -0.202 0.113 0.447 0.800 1.169 1.554 1.952 2.361 2.779 3.205 3.636 4.069 4.503 4.935 5.363 5.784 6.196 6.597 6.985 7.356 7.710 8.043 8.355 8.642 8.905 9.140 9.347 9.524 9.670 9.785 9.867 9.917 9.933 9.917 9.867 9.785 9.670 9.524 9.347 9.140 8.905 8.642 8.355 8.043 7.710 7.356 6.985 6.597 6.196 5.784 5.363 4.935 4.503 4.069 3.636 3.205 2.779 2.361 1.952 1.554 1.169 0.800 0.447 0.113 -0.202 -0.495 -0.767 -1.016 -1.241 -1.442 -1.619 -1.771 -1.898 -2.000 -2.078 -2.133 -2.164 -2.172 -2.159 -2.126 -2.073 -2.002 -1.914 -1.811 -1.694 -1.565 -1.426 -1.277 -1.122 -0.960 -0.795 -0.628 -0.460
-1.905 -1.780 -1.630 -1.455 -1.256 -1.033 -0.786 -0.517 -0.225 0.087 0.419 0.769 1.136 1.518 1.913 2.319 2.735 3.158 3.587 4.018 4.449 4.879 5.304 5.723 6.133 6.532 6.917 7.286 7.638 7.970 8.280 8.566 8.827 9.061 9.267 9.443 9.589 9.703 9.785 9.834 9.851 9.834 9.785 9.703 9.589 9.443 9.267 9.061 8.827 8.566 8.280 7.970 7.638 7.286 6.917 6.532 6.133 5.723 5.304 4.879 4.449 4.018 3.587 3.158 2.735 2.319 1.913 1.518 1.136 0.769 0.419 0.087 -0.225 -0.517 -0.786 -1.033 -1.256 -1.455 -1.630 -1.780 -1.905 -2.006 -2.082 -2.135 -2.165 -2.172 -2.158 -2.123 -2.070 -1.998 -1.909 -1.806 -1.688 -1.559 -1.419 -1.270 -1.115 -0.953 -0.788 -0.621 -0.453
-1.915 -1.792 -1.644 -1.472 -1.276 -1.056 -0.812 -0.546 -0.258 0.051 0.379 0.726 1.089 1.468 1.859 2.262 2.674 3.094 3.518 3.946 4.374 4.800 5.222 5.638 6.045 6.440 6.823 7.190 7.539 7.868 8.176 8.460 8.719 8.951 9.156 9.331 9.475 9.589 9.670 9.719 9.735 9.719 9.670 9.589 9.475 9.331 9.156 8.951 8.719 8.460 8.176 7.868 7.539 7.190 6.823 6.440 6.045 5.638 5.222 4.800 4.374 3.946 3.518 3.094 2.674 2.262 1.859 1.468 1.089 0.726 0.379 0.051 -0.258 -0.546 -0.812 -1.056 -1.276 -1.472 -1.644 -1.792 -1.915 -2.013 -2.088 -2.138 -2.166 -2.172 -2.156 -2.120 -2.065 -1.992 -1.902 -1.798 -1.680 -1.550 -1.410 -1.261 -1.105 -0.943 -0.778 -0.611 -0.443
-1.927 -1.807 -1.663 -1.495 -1.302 -1.086 -0.846 -0.584 -0.300 0.005 0.329 0.671 1.030 1.404 1.791 2.189 2.597 3.012 3.432 3.855 4.278 4.700 5.118 5.529 5.932 6.324 6.703 7.066 7.412 7.738 8.043 8.325 8.581 8.812 9.014 9.187 9.331 9.443 9.524 9.572 9.589 9.572 9.524 9.443 9.331 9.187 9.014 8.812 8.581 8.325 8.043 7.738 7.412 7.066 6.703 6.324 5.932 5.529 5.118 4.700 4.278 3.855 3.432 3.012 2.597 2.189 1.791 1.404 1.030 0.671 0.329 0.005 -0.300 -0.584 -0.846 -1.086 -1.302 -1.495 -1.663 -1.807 -1.927 -2.022 -2.094 -2.142 -2.168 -2.171 -2.153 -2.116 -2.059 -1.984 -1.894 -1.788 -1.669 -1.538 -1.398 -1.248 -1.092 -0.930 -0.765 -0.598 -0.431
-1.941 -1.826 -1.685 -1.521 -1.333 -1.121 -0.886 -0.629 -0.350 -0.050 0.268 0.605 0.958 1.327 1.708 2.101 2.503 2.912 3.327 3.744 4.163 4.579 4.992 5.398 5.796 6.184 6.558 6.917 7.259 7.581 7.883 8.161 8.415 8.642 8.842 9.014 9.156 9.267 9.347 9.395 9.411 9.395 9.347 9.267 9.156 9.014 8.842 8.642 8.415 8.161 7.883 7.581 7.259 6.917 6.558 6.184 5.796 5.398 4.992 4.579 4.163 3.744 3.327 2.912 2.503 2.101 1.708 1.327 0.958 0.605 0.268 -0.050 -0.350 -0.629 -0.886 -1.121 -1.333 -1.521 -1.685 -1.826 -1.941 -2.033 -2.102 -2.147 -2.169 -2.170 -2.150 -2.110 -2.051 -1.975 -1.883 -1.776 -1.656 -1.524 -1.383 -1.233 -1.076 -0.914 -0.749 -0.583 -0.416
-1.958 -1.847 -1.711 -1.552 -1.369 -1.162 -0.933 -0.681 -0.408 -0.115 0.198 0.528 0.875 1.237 1.612 1.998 2.394 2.797 3.205 3.616 4.028 4.438 4.845 5.246 5.638 6.020 6.389 6.743 7.080 7.398 7.695 7.970 8.220 8.445 8.642 8.812 8.951 9.061 9.140 9.187 9.203 9.187 9.140 9.061 8.951 8.812 8.642 8.445 8.220 7.970 7.695 7.398 7.080 6.743 6.389 6.020 5.638 5.246 4.845 4.438 4.028 3.616 3.205 2.797 2.394 1.998 1.612 1.237 0.875 0.528 0.198 -0.115 -0.408 -0.681 -0.933 -1.162 -1.369 -1.552 -1.711 -1.847 -1.958 -2.046 -2.110 -2.152 -2.171 -2.168 -2.145 -2.103 -2.042 -1.964 -1.870 -1.761 -1.640 -1.507 -1.365 -1.215 -1.058 -0.896 -0.731 -0.564 -0.398
-1.976 -1.870 -1.740 -1.586 -1.409 -1.208 -0.985 -0.740 -0.474 -0.187 0.118 0.442 0.781 1.136 1.503 1.882 2.270 2.666 3.066 3.470 3.875 4.278 4.678 5.072 5.458 5.833 6.196 6.545 6.877 7.190 7.482 7.753 7.999 8.220 8.415 8.581 8.719 8.827 8.905 8.951 8.967 8.951 8.905 8.827 8.719 8.581 8.415 8.220 7.999 7.753 7.482 7.190 6.877 6.545 6.196 5.833 5.458 5.072 4.678 4.278 3.875 3.470 3.066 2.666 2.270 1.882 1.503 1.136 0.781 0.442 0.118 -0.187 -0.474 -0.740 -0.985 -1.208 -1.409 -1.586 -1.740 -1.870 -1.976 -2.059 -2.119 -2.157 -2.172 -2.166 -2.140 -2.094 -2.031 -1.950 -1.854 -1.744 -1.622 -1.488 -1.345 -1.194 -1.036 -0.874 -0.709 -0.543 -0.377
-1.996 -1.895 -1.771 -1.623 -1.452 -1.259 -1.043 -0.805 -0.546 -0.267 0.030 0.346 0.677 1.023 1.383 1.753 2.133 2.520 2.912 3.308 3.705 4.100 4.492 4.879 5.257 5.626 5.982 6.324 6.650 6.957 7.245 7.510 7.753 7.970 8.161 8.325 8.460 8.566 8.642 8.688 8.704 8.688 8.642 8.566 8.460 8.325 8.161 7.970 7.753 7.510 7.245 6.957 6.650 6.324 5.982 5.626 5.257 4.879 4.492 4.100 3.705 3.308 2.912 2.520 2.133 1.753 1.383 1.023 0.677 0.346 0.030 -0.267 -0.546 -0.805 -1.043 -1.259 -1.452 -1.623 -1.771 -1.895 -1.996 -2.074 -2.129 -2.161 -2.172 -2.163 -2.133 -2.084 -2.018 -1.935 -1.837 -1.725 -1.600 -1.466 -1.321 -1.170 -1.012 -0.850 -0.685 -0.519 -0.353
